Year,Region,Gross Pay Women,Gross Pay Men,Gender Pay Gap
2020,Lake Geneva,6544,6866,322
2020,Lake Geneva,6159,6673,514
2020,Lake Geneva,6154,7099,945
2020,Lake Geneva,6469,6005,-464
2020,Lake Geneva,5892,6234,342
2020,Lake Geneva,6592,7000,408
2020,Lake Geneva,5377,6179,802
2020,Lake Geneva,5931,6123,192
2020,Lake Geneva,4328,4642,314
2020,Lake Geneva,7226,8876,1650
2020,Lake Geneva,8076,11333,3257
2020,Lake Geneva,7196,8506,1310
2020,Lake Geneva,4986,5622,636
2020,Lake Geneva,6580,7267,687
2020,Lake Geneva,7164,7221,57
2020,Lake Geneva,6150,7429,1279
2020,Lake Geneva,9905,11758,1853
2020,Lake Geneva,9571,10424,853
2020,Lake Geneva,10940,11798,858
2020,Lake Geneva,7805,8791,986
2020,Lake Geneva,9987,12164,2177
2020,Lake Geneva,9660,11182,1522
2020,Lake Geneva,5050,8824,3774
2020,Lake Geneva,5736,6291,555
2020,Lake Geneva,8941,11503,2562
2020,Lake Geneva,13889,18218,4329
2020,Lake Geneva,10831,14004,3173
2020,Lake Geneva,9343,9633,290
2020,Lake Geneva,10483,12515,2032
2020,Lake Geneva,9511,10527,1016
2020,Lake Geneva,8599,10010,1411
2020,Lake Geneva,8968,9688,720
2020,Lake Geneva,10642,9370,-1272
2020,Lake Geneva,11400,10056,-1344
2020,Lake Geneva,7394,7726,332
2020,Lake Geneva,8828,9800,972
2020,Lake Geneva,8741,10883,2142
2020,Lake Geneva,8065,7814,-251
2020,Lake Geneva,5297,6086,789
2020,Lake Geneva,8856,10585,1729
2020,Lake Geneva,11075,12023,948
2020,Lake Geneva,9647,9386,-261
2020,Lake Geneva,7128,6615,-513
2020,Lake Geneva,8408,9185,777
2020,Lake Geneva,9125,9718,593
2020,Lake Geneva,8075,8508,433
2020,Lake Geneva,7149,7511,362
2020,Lake Geneva,7673,7367,-306
2020,Lake Geneva,8231,7590,-641
2020,Lake Geneva,6738,7134,396
2020,Lake Geneva,7103,7624,521
2020,Lake Geneva,6707,6864,157
2020,Lake Geneva,6808,7677,869
2020,Lake Geneva,4779,5157,378
2020,Lake Geneva,7551,8870,1319
2020,Lake Geneva,8832,10809,1977
2020,Lake Geneva,7322,8141,819
2020,Lake Geneva,5466,6005,539
2020,Lake Geneva,6805,7131,326
2020,Lake Geneva,7736,7367,-369
2020,Lake Geneva,7002,7190,188
2020,Lake Geneva,5701,6211,510
2020,Lake Geneva,5650,6502,852
2020,Lake Geneva,5970,5687,-283
2020,Lake Geneva,5670,6003,333
2020,Lake Geneva,6155,5999,-156
2020,Lake Geneva,4804,5271,467
2020,Lake Geneva,5849,5639,-210
2020,Lake Geneva,4161,4333,172
2020,Lake Geneva,6631,7701,1070
2020,Lake Geneva,6780,7835,1055
2020,Lake Geneva,6480,6909,429
2020,Lake Geneva,4842,5515,673
2020,Lake Geneva,6382,6758,376
2020,Lake Geneva,6411,6196,-215
2020,Lake Geneva,5000,6197,1197
2018,Lake Geneva,6442,6720,278
2018,Lake Geneva,6122,6514,392
2018,Lake Geneva,5992,6930,938
2018,Lake Geneva,5716,6159,443
2018,Lake Geneva,6500,6053,-447
2018,Lake Geneva,6479,6888,409
2018,Lake Geneva,5302,6233,931
2018,Lake Geneva,5850,5900,50
2018,Lake Geneva,4222,4476,254
2018,Lake Geneva,7070,8750,1680
2018,Lake Geneva,7965,11091,3126
2018,Lake Geneva,7164,8889,1725
2018,Lake Geneva,4979,5340,361
2018,Lake Geneva,6461,7152,691
2018,Lake Geneva,7334,7619,285
2018,Lake Geneva,6066,7445,1379
2018,Lake Geneva,9750,11902,2152
2018,Lake Geneva,7866,10346,2480
2018,Lake Geneva,9277,11124,1847
2018,Lake Geneva,10135,12250,2115
2018,Lake Geneva,10409,11269,860
2018,Lake Geneva,9699,9883,184
2018,Lake Geneva,4983,6190,1207
2018,Lake Geneva,10147,11607,1460
2018,Lake Geneva,13955,17667,3712
2018,Lake Geneva,10002,13255,3253
2018,Lake Geneva,8249,9951,1702
2018,Lake Geneva,10319,11918,1599
2018,Lake Geneva,9341,11158,1817
2018,Lake Geneva,8742,10098,1356
2018,Lake Geneva,8583,9462,879
2018,Lake Geneva,9179,9121,-58
2018,Lake Geneva,10220,9670,-550
2018,Lake Geneva,6122,7219,1097
2018,Lake Geneva,8550,9572,1022
2018,Lake Geneva,8602,10429,1827
2018,Lake Geneva,4717,5102,385
2018,Lake Geneva,8895,10290,1395
2018,Lake Geneva,10725,11491,766
2018,Lake Geneva,9921,11382,1461
2018,Lake Geneva,7041,6845,-196
2018,Lake Geneva,8413,8830,417
2018,Lake Geneva,9196,10804,1608
2018,Lake Geneva,8112,8875,763
2018,Lake Geneva,7092,7453,361
2018,Lake Geneva,7500,7206,-294
2018,Lake Geneva,7584,7879,295
2018,Lake Geneva,6893,6500,-393
2018,Lake Geneva,7058,7651,593
2018,Lake Geneva,6418,6498,80
2018,Lake Geneva,6268,7597,1329
2018,Lake Geneva,4428,4747,319
2018,Lake Geneva,7408,9424,2016
2018,Lake Geneva,8590,9910,1320
2018,Lake Geneva,7850,8867,1017
2018,Lake Geneva,5763,6462,699
2018,Lake Geneva,6815,6919,104
2018,Lake Geneva,7846,7295,-551
2018,Lake Geneva,6847,7381,534
2018,Lake Geneva,6036,5973,-63
2018,Lake Geneva,5716,6100,384
2018,Lake Geneva,5600,6420,820
2018,Lake Geneva,5716,5984,268
2018,Lake Geneva,5885,5800,-85
2018,Lake Geneva,6077,5892,-185
2018,Lake Geneva,4755,5248,493
2018,Lake Geneva,5493,5412,-81
2018,Lake Geneva,4108,4275,167
2018,Lake Geneva,6488,7667,1179
2018,Lake Geneva,6648,7642,994
2018,Lake Geneva,6500,6886,386
2018,Lake Geneva,4805,5193,388
2018,Lake Geneva,6248,6591,343
2018,Lake Geneva,6916,6917,1
2018,Lake Geneva,5107,6000,893
2016,Lake Geneva,6329,6770,441
2016,Lake Geneva,6083,6583,500
2016,Lake Geneva,6000,6952,952
2016,Lake Geneva,5936,5896,-40
2016,Lake Geneva,5983,6225,242
2016,Lake Geneva,6367,6918,551
2016,Lake Geneva,5000,5850,850
2016,Lake Geneva,5843,5994,151
2016,Lake Geneva,4051,4410,359
2016,Lake Geneva,7156,8853,1697
2016,Lake Geneva,8086,11313,3227
2016,Lake Geneva,7065,8339,1274
2016,Lake Geneva,5101,5477,376
2016,Lake Geneva,6433,7319,886
2016,Lake Geneva,6645,7040,395
2016,Lake Geneva,5200,7223,2023
2016,Lake Geneva,9617,11603,1986
2016,Lake Geneva,9783,10113,330
2016,Lake Geneva,10847,10909,62
2016,Lake Geneva,7164,8778,1614
2016,Lake Geneva,9614,12074,2460
2016,Lake Geneva,8000,9935,1935
2016,Lake Geneva,15251,17944,2693
2016,Lake Geneva,8412,10742,2330
2016,Lake Geneva,9819,12605,2786
2016,Lake Geneva,8679,10805,2126
2016,Lake Geneva,8193,9192,999
2016,Lake Geneva,8588,9044,456
2016,Lake Geneva,8954,9196,242
2016,Lake Geneva,6645,7222,577
2016,Lake Geneva,8145,9225,1080
2016,Lake Geneva,7581,7958,377
2016,Lake Geneva,4877,5465,588
2016,Lake Geneva,8701,10170,1469
2016,Lake Geneva,10947,11835,888
2016,Lake Geneva,8359,9632,1273
2016,Lake Geneva,7000,7414,414
2016,Lake Geneva,7202,7145,-57
2016,Lake Geneva,7383,7539,156
2016,Lake Geneva,6985,7535,550
2016,Lake Geneva,6000,6302,302
2016,Lake Geneva,4398,4962,564
2016,Lake Geneva,7501,8823,1322
2016,Lake Geneva,8815,9988,1173
2016,Lake Geneva,7593,8052,459
2016,Lake Geneva,6630,6818,188
2016,Lake Geneva,6898,7588,690
2016,Lake Geneva,5939,6047,108
2016,Lake Geneva,5744,6216,472
2016,Lake Geneva,5628,6450,822
2016,Lake Geneva,5785,5620,-165
2016,Lake Geneva,5795,5968,173
2016,Lake Geneva,5965,5918,-47
2016,Lake Geneva,4616,5158,542
2016,Lake Geneva,5469,5414,-55
2016,Lake Geneva,3946,4151,205
2016,Lake Geneva,6500,7710,1210
2016,Lake Geneva,6696,7771,1075
2016,Lake Geneva,6452,6689,237
2016,Lake Geneva,4854,5279,425
2016,Lake Geneva,6222,6680,458
2016,Lake Geneva,6200,5750,-450
2016,Lake Geneva,4299,5952,1653
2014,Lake Geneva,6189,6682,493
2014,Lake Geneva,5882,6500,618
2014,Lake Geneva,5781,6806,1025
2014,Lake Geneva,5579,5779,200
2014,Lake Geneva,5843,6113,270
2014,Lake Geneva,6239,6836,597
2014,Lake Geneva,4820,5733,913
2014,Lake Geneva,5502,5977,475
2014,Lake Geneva,3932,4430,498
2014,Lake Geneva,7284,8972,1688
2014,Lake Geneva,8333,11472,3139
2014,Lake Geneva,7086,8632,1546
2014,Lake Geneva,4706,5180,474
2014,Lake Geneva,6398,7358,960
2014,Lake Geneva,7119,6499,-620
2014,Lake Geneva,5563,7627,2064
2014,Lake Geneva,9559,11370,1811
2014,Lake Geneva,10821,10718,-103
2014,Lake Geneva,9524,11768,2244
2014,Lake Geneva,14016,17471,3455
2014,Lake Geneva,8259,8884,625
2014,Lake Geneva,9583,12492,2909
2014,Lake Geneva,8094,8911,817
2014,Lake Geneva,8096,8435,339
2014,Lake Geneva,8521,8807,286
2014,Lake Geneva,8088,9127,1039
2014,Lake Geneva,8837,10148,1311
2014,Lake Geneva,10833,12090,1257
2014,Lake Geneva,7823,9231,1408
2014,Lake Geneva,6630,7119,489
2014,Lake Geneva,6770,6840,70
2014,Lake Geneva,6826,7109,283
2014,Lake Geneva,6506,6728,222
2014,Lake Geneva,6626,7377,751
2014,Lake Geneva,5860,6249,389
2014,Lake Geneva,6483,7384,901
2014,Lake Geneva,4458,4951,493
2014,Lake Geneva,8234,8720,486
2014,Lake Geneva,8751,9595,844
2014,Lake Geneva,6030,5917,-113
2014,Lake Geneva,6386,7564,1178
2014,Lake Geneva,5796,5960,164
2014,Lake Geneva,5632,6156,524
2014,Lake Geneva,5549,6376,827
2014,Lake Geneva,5503,5902,399
2014,Lake Geneva,5833,5756,-77
2014,Lake Geneva,4515,5007,492
2014,Lake Geneva,5264,5523,259
2014,Lake Geneva,3817,4099,282
2014,Lake Geneva,6329,7594,1265
2014,Lake Geneva,6988,7846,858
2014,Lake Geneva,6360,6616,256
2014,Lake Geneva,4455,4932,477
2014,Lake Geneva,6190,6830,640
2014,Lake Geneva,6454,5857,-597
2012,Lake Geneva,6151,6855,704
2012,Lake Geneva,5939,6597,658
2012,Lake Geneva,5906,7114,1208
2012,Lake Geneva,5596,5925,329
2012,Lake Geneva,5804,6172,368
2012,Lake Geneva,6187,7083,896
2012,Lake Geneva,4698,5822,1124
2012,Lake Geneva,3889,4334,445
2012,Lake Geneva,6899,8500,1601
2012,Lake Geneva,7858,11079,3221
2012,Lake Geneva,6695,8823,2128
2012,Lake Geneva,5092,5604,512
2012,Lake Geneva,6284,7216,932
2012,Lake Geneva,6984,6980,-4
2012,Lake Geneva,5566,7775,2209
2012,Lake Geneva,9326,11666,2340
2012,Lake Geneva,8068,9604,1536
2012,Lake Geneva,9132,10058,926
2012,Lake Geneva,9444,12209,2765
2012,Lake Geneva,8500,10417,1917
2012,Lake Geneva,4952,5674,722
2012,Lake Geneva,8883,11584,2701
2012,Lake Geneva,14917,17557,2640
2012,Lake Geneva,8510,9467,957
2012,Lake Geneva,8048,8874,826
2012,Lake Geneva,8812,9364,552
2012,Lake Geneva,8549,9687,1138
2012,Lake Geneva,9129,9967,838
2012,Lake Geneva,10661,12083,1422
2012,Lake Geneva,8333,9105,772
2012,Lake Geneva,7692,8220,528
2012,Lake Geneva,8594,9467,873
2012,Lake Geneva,7764,9266,1502
2012,Lake Geneva,6844,7217,373
2012,Lake Geneva,6453,6859,406
2012,Lake Geneva,6346,7013,667
2012,Lake Geneva,6895,7539,644
2012,Lake Geneva,5574,6036,462
2012,Lake Geneva,5612,6169,557
2012,Lake Geneva,4264,4794,530
2012,Lake Geneva,7447,8500,1053
2012,Lake Geneva,9008,10049,1041
2012,Lake Geneva,6658,7539,881
2012,Lake Geneva,7247,7646,399
2012,Lake Geneva,5722,6041,319
2012,Lake Geneva,5717,6244,527
2012,Lake Geneva,5712,6750,1038
2012,Lake Geneva,5427,5881,454
2012,Lake Geneva,5723,5843,120
2012,Lake Geneva,4362,5068,706
2012,Lake Geneva,3792,4042,250
2012,Lake Geneva,6280,7038,758
2012,Lake Geneva,6615,7629,1014
2012,Lake Geneva,5830,6242,412
2012,Lake Geneva,4684,5243,559
2012,Lake Geneva,6005,6547,542
2020,Midlands,6112,6923,811
2020,Midlands,5490,6490,1000
2020,Midlands,5390,6571,1181
2020,Midlands,6400,6500,100
2020,Midlands,6065,6286,221
2020,Midlands,6258,7353,1095
2020,Midlands,5037,6038,1001
2020,Midlands,6159,6842,683
2020,Midlands,4382,4586,204
2020,Midlands,7040,9424,2384
2020,Midlands,6986,9627,2641
2020,Midlands,6655,8331,1676
2020,Midlands,5058,6021,963
2020,Midlands,6086,6931,845
2020,Midlands,5813,6497,684
2020,Midlands,6290,7333,1043
2020,Midlands,8590,10505,1915
2020,Midlands,8218,9367,1149
2020,Midlands,8284,9722,1438
2020,Midlands,7192,8432,1240
2020,Midlands,8665,11107,2442
2020,Midlands,6627,8728,2101
2020,Midlands,9082,11230,2148
2020,Midlands,5068,5798,730
2020,Midlands,11228,12946,1718
2020,Midlands,10831,12764,1933
2020,Midlands,9489,11203,1714
2020,Midlands,7427,8340,913
2020,Midlands,8595,11111,2516
2020,Midlands,7581,8517,936
2020,Midlands,8305,9304,999
2020,Midlands,7717,8595,878
2020,Midlands,7273,7999,726
2020,Midlands,7290,8218,928
2020,Midlands,6694,7457,763
2020,Midlands,7797,9127,1330
2020,Midlands,6421,7190,769
2020,Midlands,7458,8606,1148
2020,Midlands,4932,5375,443
2020,Midlands,8000,10185,2185
2020,Midlands,8700,10283,1583
2020,Midlands,7623,8614,991
2020,Midlands,6665,7233,568
2020,Midlands,7562,8346,784
2020,Midlands,6552,7416,864
2020,Midlands,7113,8033,920
2020,Midlands,6749,7519,770
2020,Midlands,6328,6954,626
2020,Midlands,6309,7040,731
2020,Midlands,6226,6708,482
2020,Midlands,6814,8038,1224
2020,Midlands,5531,6340,809
2020,Midlands,10170,10574,404
2020,Midlands,4701,4889,188
2020,Midlands,7338,9331,1993
2020,Midlands,7616,8091,475
2020,Midlands,6588,7935,1347
2020,Midlands,5856,6061,205
2020,Midlands,6738,7029,291
2020,Midlands,5831,6760,929
2020,Midlands,6897,7615,718
2020,Midlands,5814,6329,515
2020,Midlands,5283,6098,815
2020,Midlands,5185,6109,924
2020,Midlands,6192,6014,-178
2020,Midlands,5859,6011,152
2020,Midlands,5959,6602,643
2020,Midlands,4855,5483,628
2020,Midlands,6059,6543,484
2020,Midlands,4296,4290,-6
2020,Midlands,6814,8638,1824
2020,Midlands,6629,8004,1375
2020,Midlands,6229,7050,821
2020,Midlands,4833,5820,987
2020,Midlands,5829,6238,409
2020,Midlands,5509,5842,333
2020,Midlands,5899,6552,653
2018,Midlands,5994,6864,870
2018,Midlands,5429,6452,1023
2018,Midlands,5324,6511,1187
2018,Midlands,5981,6115,134
2018,Midlands,5998,6242,244
2018,Midlands,6118,7251,1133
2018,Midlands,4937,6127,1190
2018,Midlands,6031,6819,788
2018,Midlands,4300,4540,240
2018,Midlands,6939,9316,2377
2018,Midlands,6707,9639,2932
2018,Midlands,6424,8211,1787
2018,Midlands,4878,5683,805
2018,Midlands,5985,6923,938
2018,Midlands,5671,6657,986
2018,Midlands,6097,7454,1357
2018,Midlands,8125,10433,2308
2018,Midlands,8555,9557,1002
2018,Midlands,9060,9933,873
2018,Midlands,4545,8352,3807
2018,Midlands,8088,10978,2890
2018,Midlands,6190,9210,3020
2018,Midlands,9778,11673,1895
2018,Midlands,4952,5879,927
2018,Midlands,11968,13190,1222
2018,Midlands,10564,12381,1817
2018,Midlands,8282,11486,3204
2018,Midlands,7059,8066,1007
2018,Midlands,7824,10317,2493
2018,Midlands,7222,8850,1628
2018,Midlands,8565,9811,1246
2018,Midlands,7345,8443,1098
2018,Midlands,7598,7900,302
2018,Midlands,7434,8145,711
2018,Midlands,8011,7329,-682
2018,Midlands,7300,8875,1575
2018,Midlands,6098,7329,1231
2018,Midlands,6100,8425,2325
2018,Midlands,4770,5334,564
2018,Midlands,7131,9670,2539
2018,Midlands,8831,10325,1494
2018,Midlands,6879,8930,2051
2018,Midlands,6240,6893,653
2018,Midlands,6826,8229,1403
2018,Midlands,6139,7535,1396
2018,Midlands,7366,8611,1245
2018,Midlands,6564,7179,615
2018,Midlands,6066,6641,575
2018,Midlands,6130,6872,742
2018,Midlands,5811,6366,555
2018,Midlands,6697,7740,1043
2018,Midlands,5366,6248,882
2018,Midlands,7836,9152,1316
2018,Midlands,4487,4930,443
2018,Midlands,7398,8598,1200
2018,Midlands,7663,8866,1203
2018,Midlands,6871,7760,889
2018,Midlands,5525,5608,83
2018,Midlands,6618,7053,435
2018,Midlands,6190,6676,486
2018,Midlands,6396,7042,646
2018,Midlands,5744,6293,549
2018,Midlands,5210,6050,840
2018,Midlands,5141,6078,937
2018,Midlands,5748,5613,-135
2018,Midlands,5795,5935,140
2018,Midlands,5896,6564,668
2018,Midlands,4778,5630,852
2018,Midlands,5954,6460,506
2018,Midlands,4197,4272,75
2018,Midlands,6729,8489,1760
2018,Midlands,6406,7936,1530
2018,Midlands,6041,6973,932
2018,Midlands,4735,5548,813
2018,Midlands,5772,6180,408
2018,Midlands,5275,5992,717
2018,Midlands,5584,6500,916
2016,Midlands,5907,6785,878
2016,Midlands,5355,6321,966
2016,Midlands,5275,6452,1177
2016,Midlands,5736,6039,303
2016,Midlands,6048,7281,1233
2016,Midlands,4781,6010,1229
2016,Midlands,6027,6753,726
2016,Midlands,4272,4460,188
2016,Midlands,7120,9439,2319
2016,Midlands,6634,9414,2780
2016,Midlands,6423,8227,1804
2016,Midlands,4925,5822,897
2016,Midlands,5971,6831,860
2016,Midlands,5742,6381,639
2016,Midlands,5896,7004,1108
2016,Midlands,8193,10223,2030
2016,Midlands,8130,9490,1360
2016,Midlands,8661,10000,1339
2016,Midlands,6943,8185,1242
2016,Midlands,8193,10748,2555
2016,Midlands,6667,8824,2157
2016,Midlands,10043,12354,2311
2016,Midlands,8768,11369,2601
2016,Midlands,8121,10068,1947
2016,Midlands,6951,7964,1013
2016,Midlands,5957,7311,1354
2016,Midlands,7052,8568,1516
2016,Midlands,5642,7004,1362
2016,Midlands,7867,8982,1115
2016,Midlands,8050,10380,2330
2016,Midlands,7467,8970,1503
2016,Midlands,6943,7785,842
2016,Midlands,7359,8592,1233
2016,Midlands,6359,7153,794
2016,Midlands,5978,6743,765
2016,Midlands,5925,6855,930
2016,Midlands,5703,6551,848
2016,Midlands,6430,7727,1297
2016,Midlands,5212,6187,975
2016,Midlands,4667,5154,487
2016,Midlands,7427,8899,1472
2016,Midlands,7582,8559,977
2016,Midlands,6421,6964,543
2016,Midlands,5546,6196,650
2016,Midlands,5178,5933,755
2016,Midlands,5110,6025,915
2016,Midlands,6030,5776,-254
2016,Midlands,5597,5741,144
2016,Midlands,5672,6547,875
2016,Midlands,4642,5522,880
2016,Midlands,5919,6402,483
2016,Midlands,4157,4235,78
2016,Midlands,7067,9332,2265
2016,Midlands,6348,7849,1501
2016,Midlands,6065,6801,736
2016,Midlands,4754,5625,871
2016,Midlands,5711,6149,438
2016,Midlands,5402,5763,361
2016,Midlands,5477,6195,718
2014,Midlands,5879,6677,798
2014,Midlands,5241,6275,1034
2014,Midlands,5156,6343,1187
2014,Midlands,6184,6102,-82
2014,Midlands,5588,6038,450
2014,Midlands,6031,7056,1025
2014,Midlands,4603,5925,1322
2014,Midlands,4232,4524,292
2014,Midlands,6924,9233,2309
2014,Midlands,6483,9286,2803
2014,Midlands,6331,8080,1749
2014,Midlands,4795,5850,1055
2014,Midlands,5935,6895,960
2014,Midlands,5722,6697,975
2014,Midlands,5592,7246,1654
2014,Midlands,7959,10195,2236
2014,Midlands,7829,9399,1570
2014,Midlands,7986,9779,1793
2014,Midlands,8000,10688,2688
2014,Midlands,11362,13020,1658
2014,Midlands,10190,12302,2112
2014,Midlands,8970,11106,2136
2014,Midlands,7911,9975,2064
2014,Midlands,8158,9728,1570
2014,Midlands,6760,7896,1136
2014,Midlands,6281,7252,971
2014,Midlands,6819,8342,1523
2014,Midlands,5633,7223,1590
2014,Midlands,4746,5180,434
2014,Midlands,7584,9704,2120
2014,Midlands,6681,8093,1412
2014,Midlands,6745,7945,1200
2014,Midlands,6396,7094,698
2014,Midlands,5713,6700,987
2014,Midlands,5619,6712,1093
2014,Midlands,5455,6427,972
2014,Midlands,6628,7538,910
2014,Midlands,4952,6303,1351
2014,Midlands,4562,4707,145
2014,Midlands,6688,8283,1595
2014,Midlands,6951,8420,1469
2014,Midlands,6306,7222,916
2014,Midlands,6541,6935,394
2014,Midlands,6112,6884,772
2014,Midlands,5588,6122,534
2014,Midlands,5028,5861,833
2014,Midlands,4978,5891,913
2014,Midlands,5392,5769,377
2014,Midlands,5751,6366,615
2014,Midlands,4439,5262,823
2014,Midlands,4056,4101,45
2014,Midlands,6739,8522,1783
2014,Midlands,6159,7175,1016
2014,Midlands,6000,6717,717
2014,Midlands,4628,5528,900
2014,Midlands,5710,6149,439
2014,Midlands,5411,6166,755
2014,Midlands,5143,6176,1033
2012,Midlands,5658,6690,1032
2012,Midlands,5145,6276,1131
2012,Midlands,5076,6397,1321
2012,Midlands,5680,6043,363
2012,Midlands,5343,5975,632
2012,Midlands,5810,7086,1276
2012,Midlands,4504,5759,1255
2012,Midlands,4127,4476,349
2012,Midlands,6895,9335,2440
2012,Midlands,6347,9214,2867
2012,Midlands,6013,8128,2115
2012,Midlands,4697,5765,1068
2012,Midlands,5843,6879,1036
2012,Midlands,5210,6392,1182
2012,Midlands,5569,6844,1275
2012,Midlands,7441,10166,2725
2012,Midlands,7440,9630,2190
2012,Midlands,7794,10086,2292
2012,Midlands,7441,10553,3112
2012,Midlands,6118,8417,2299
2012,Midlands,4632,5663,1031
2012,Midlands,10456,13071,2615
2012,Midlands,9492,12069,2577
2012,Midlands,7843,11571,3728
2012,Midlands,7551,9562,2011
2012,Midlands,7291,9208,1917
2012,Midlands,6750,7927,1177
2012,Midlands,6714,7651,937
2012,Midlands,6717,7825,1108
2012,Midlands,6760,8330,1570
2012,Midlands,5755,7040,1285
2012,Midlands,4715,4952,237
2012,Midlands,7530,9563,2033
2012,Midlands,6990,8270,1280
2012,Midlands,6740,7864,1124
2012,Midlands,6243,7051,808
2012,Midlands,5926,6700,774
2012,Midlands,5850,6721,871
2012,Midlands,5973,6446,473
2012,Midlands,6305,7474,1169
2012,Midlands,4691,5900,1209
2012,Midlands,4292,4636,344
2012,Midlands,7193,9822,2629
2012,Midlands,7055,8182,1127
2012,Midlands,6024,7479,1455
2012,Midlands,6473,7045,572
2012,Midlands,6185,6675,490
2012,Midlands,5299,6074,775
2012,Midlands,4900,5804,904
2012,Midlands,4854,5842,988
2012,Midlands,5529,5634,105
2012,Midlands,5221,5687,466
2012,Midlands,5445,6362,917
2012,Midlands,4375,5242,867
2012,Midlands,4025,4225,200
2012,Midlands,6718,8569,1851
2012,Midlands,6021,7293,1272
2012,Midlands,5709,6775,1066
2012,Midlands,4624,5499,875
2012,Midlands,5532,6140,608
2012,Midlands,4890,5809,919
2012,Midlands,5088,5598,510
2020,North-West,6395,7050,655
2020,North-West,7182,7023,-159
2020,North-West,7378,7580,202
2020,North-West,5960,6359,399
2020,North-West,5908,6234,326
2020,North-West,6297,7078,781
2020,North-West,5152,6379,1227
2020,North-West,5511,5637,126
2020,North-West,4543,4727,184
2020,North-West,7186,9200,2014
2020,North-West,7502,10297,2795
2020,North-West,7313,8791,1478
2020,North-West,4995,5721,726
2020,North-West,6253,7220,967
2020,North-West,5824,6651,827
2020,North-West,5408,6952,1544
2020,North-West,9527,11448,1921
2020,North-West,16431,11795,-4636
2020,North-West,17041,13731,-3310
2020,North-West,7697,8920,1223
2020,North-West,8420,11287,2867
2020,North-West,7307,10635,3328
2020,North-West,8584,9557,973
2020,North-West,5159,6176,1017
2020,North-West,8381,11538,3157
2020,North-West,11911,16976,5065
2020,North-West,12443,12668,225
2020,North-West,6465,8045,1580
2020,North-West,8605,12129,3524
2020,North-West,7027,8093,1066
2020,North-West,8045,9860,1815
2020,North-West,8119,9309,1190
2020,North-West,10013,9158,-855
2020,North-West,10432,9722,-710
2020,North-West,7752,9410,1658
2020,North-West,7281,7780,499
2020,North-West,7598,7957,359
2020,North-West,4979,5570,591
2020,North-West,9189,10314,1125
2020,North-West,10768,12137,1369
2020,North-West,8815,10006,1191
2020,North-West,6986,6859,-127
2020,North-West,7218,9150,1932
2020,North-West,6585,7796,1211
2020,North-West,6479,8257,1778
2020,North-West,7043,7802,759
2020,North-West,7220,7329,109
2020,North-West,7257,7612,355
2020,North-West,7014,8454,1440
2020,North-West,5483,7567,2084
2020,North-West,6436,6868,432
2020,North-West,4878,5073,195
2020,North-West,8902,10123,1221
2020,North-West,8254,8671,417
2020,North-West,7586,8382,796
2020,North-West,6824,7270,446
2020,North-West,5833,6501,668
2020,North-West,6177,6714,537
2020,North-West,6030,6296,266
2020,North-West,6242,6401,159
2020,North-West,6290,6723,433
2020,North-West,5415,5959,544
2020,North-West,5761,5957,196
2020,North-West,6005,6203,198
2020,North-West,4888,5775,887
2020,North-West,5402,5445,43
2020,North-West,4381,4480,99
2020,North-West,6917,8591,1674
2020,North-West,6873,7882,1009
2020,North-West,6706,7317,611
2020,North-West,4737,5499,762
2020,North-West,6056,6620,564
2020,North-West,5715,6331,616
2020,North-West,4929,5953,1024
2018,North-West,6251,7038,787
2018,North-West,6677,7099,422
2018,North-West,6900,7502,602
2018,North-West,5880,6236,356
2018,North-West,6000,6417,417
2018,North-West,6188,6976,788
2018,North-West,5113,6243,1130
2018,North-West,5538,5556,18
2018,North-West,4301,4271,-30
2018,North-West,6890,8829,1939
2018,North-West,7360,10394,3034
2018,North-West,7024,8595,1571
2018,North-West,4991,5845,854
2018,North-West,6154,7100,946
2018,North-West,5918,6528,610
2018,North-West,5042,7343,2301
2018,North-West,9412,10968,1556
2018,North-West,15392,10938,-4454
2018,North-West,15998,13457,-2541
2018,North-West,8512,10998,2486
2018,North-West,9131,10341,1210
2018,North-West,5271,5778,507
2018,North-West,8375,11536,3161
2018,North-West,13148,16083,2935
2018,North-West,9545,11220,1675
2018,North-West,7471,8718,1247
2018,North-West,8104,11111,3007
2018,North-West,7279,8000,721
2018,North-West,7527,9367,1840
2018,North-West,7612,8932,1320
2018,North-West,9239,8688,-551
2018,North-West,9935,9549,-386
2018,North-West,7232,9068,1836
2018,North-West,6316,8116,1800
2018,North-West,4875,5200,325
2018,North-West,7720,8673,953
2018,North-West,10444,12019,1575
2018,North-West,8450,9856,1406
2018,North-West,5712,6715,1003
2018,North-West,7064,8109,1045
2018,North-West,6397,6965,568
2018,North-West,6130,7989,1859
2018,North-West,7051,7793,742
2018,North-West,6790,7148,358
2018,North-West,6771,7237,466
2018,North-West,7095,8309,1214
2018,North-West,5546,7263,1717
2018,North-West,7353,7304,-49
2018,North-West,4707,4887,180
2018,North-West,8528,9909,1381
2018,North-West,8361,9183,822
2018,North-West,6528,7910,1382
2018,North-West,6540,7270,730
2018,North-West,6190,7196,1006
2018,North-West,5278,7670,2392
2018,North-West,5880,6240,360
2018,North-West,5959,6394,435
2018,North-West,5995,6598,603
2018,North-West,5669,5778,109
2018,North-West,5631,6050,419
2018,North-West,5865,6092,227
2018,North-West,4891,5609,718
2018,North-West,5370,5282,-88
2018,North-West,4162,3921,-241
2018,North-West,6645,8086,1441
2018,North-West,6807,7806,999
2018,North-West,6568,7268,700
2018,North-West,4628,5588,960
2018,North-West,5979,6588,609
2018,North-West,5623,6238,615
2018,North-West,4503,6048,1545
2016,North-West,6220,7034,814
2016,North-West,6031,6575,544
2016,North-West,5900,6022,122
2016,North-West,6143,7087,944
2016,North-West,5025,6499,1474
2016,North-West,5754,5877,123
2016,North-West,4452,4569,117
2016,North-West,6908,8867,1959
2016,North-West,7108,10113,3005
2016,North-West,7098,8616,1518
2016,North-West,5088,5832,744
2016,North-West,6208,7133,925
2016,North-West,5673,6533,860
2016,North-West,5130,7170,2040
2016,North-West,9384,11172,1788
2016,North-West,8665,10790,2125
2016,North-West,11979,16121,4142
2016,North-West,8479,11786,3307
2016,North-West,7656,9148,1492
2016,North-West,7331,9137,1806
2016,North-West,6973,7990,1017
2016,North-West,8169,8489,320
2016,North-West,4840,5155,315
2016,North-West,7774,10080,2306
2016,North-West,9656,11674,2018
2016,North-West,6975,8277,1302
2016,North-West,7084,7716,632
2016,North-West,7077,8222,1145
2016,North-West,6699,7393,694
2016,North-West,8246,9712,1466
2016,North-West,6873,7153,280
2016,North-West,5862,6286,424
2016,North-West,6159,6346,187
2016,North-West,5891,6101,210
2016,North-West,5737,5843,106
2016,North-West,5800,6225,425
2016,North-West,4780,5708,928
2016,North-West,5495,5526,31
2016,North-West,4337,4258,-79
2016,North-West,6583,8095,1512
2016,North-West,6581,7654,1073
2016,North-West,6602,7327,725
2016,North-West,4893,5693,800
2016,North-West,6024,6539,515
2016,North-West,5295,6055,760
2016,North-West,4534,5950,1416
2014,North-West,6014,6934,920
2014,North-West,6800,6836,36
2014,North-West,5881,7033,1152
2014,North-West,4924,6397,1473
2014,North-West,5732,6341,609
2014,North-West,4323,4385,62
2014,North-West,6537,8619,2082
2014,North-West,6974,9886,2912
2014,North-West,6867,8583,1716
2014,North-West,4691,5618,927
2014,North-West,6062,7001,939
2014,North-West,5858,6561,703
2014,North-West,8670,11061,2391
2014,North-West,8117,10627,2510
2014,North-West,11977,14906,2929
2014,North-West,8641,10854,2213
2014,North-West,7425,9087,1662
2014,North-West,7167,8981,1814
2014,North-West,9479,11291,1812
2014,North-West,7123,7905,782
2014,North-West,6810,7574,764
2014,North-West,7724,7389,-335
2014,North-West,6749,8078,1329
2014,North-West,8430,9733,1303
2014,North-West,6494,6933,439
2014,North-West,5613,6175,562
2014,North-West,6114,6240,126
2014,North-West,6148,6542,394
2014,North-West,5758,5796,38
2014,North-West,5511,6103,592
2014,North-West,4704,5546,842
2014,North-West,4182,4238,56
2014,North-West,6312,7524,1212
2014,North-West,6426,7417,991
2014,North-West,6486,7312,826
2014,North-West,4378,5393,1015
2014,North-West,5815,6292,477
2014,North-West,5487,6329,842
2014,North-West,4460,6124,1664
2012,North-West,5981,7094,1113
2012,North-West,6576,7023,447
2012,North-West,5863,7154,1291
2012,North-West,4748,6192,1444
2012,North-West,4305,4502,197
2012,North-West,6426,8770,2344
2012,North-West,6806,9988,3182
2012,North-West,6659,8828,2169
2012,North-West,4281,5397,1116
2012,North-West,5991,6950,959
2012,North-West,5445,6400,955
2012,North-West,8789,11239,2450
2012,North-West,8328,11045,2717
2012,North-West,7828,11550,3722
2012,North-West,12262,15410,3148
2012,North-West,8219,10942,2723
2012,North-West,7071,9104,2033
2012,North-West,6781,8982,2201
2012,North-West,6283,8052,1769
2012,North-West,7583,10208,2625
2012,North-West,9406,11110,1704
2012,North-West,7733,10387,2654
2012,North-West,6773,7750,977
2012,North-West,6837,7533,696
2012,North-West,6819,8025,1206
2012,North-West,4611,5055,444
2012,North-West,8026,9341,1315
2012,North-West,6635,7208,573
2012,North-West,5610,6277,667
2012,North-West,6043,6308,265
2012,North-West,5511,6234,723
2012,North-West,4559,5506,947
2012,North-West,4202,4230,28
2012,North-West,6069,7619,1550
2012,North-West,6249,7399,1150
2012,North-West,6279,7222,943
2012,North-West,4158,5127,969
2012,North-West,5764,6138,374
2012,North-West,5143,5896,753
2020,East,5687,6559,872
2020,East,5296,6437,1141
2020,East,5158,6589,1431
2020,East,6442,6359,-83
2020,East,5886,6210,324
2020,East,5822,6749,927
2020,East,4979,6167,1188
2020,East,4995,5575,580
2020,East,4317,4642,325
2020,East,6339,8423,2084
2020,East,6911,10152,3241
2020,East,6219,8111,1892
2020,East,4418,5429,1011
2020,East,6078,7228,1150
2020,East,5333,5714,381
2020,East,5454,7447,1993
2020,East,7452,9619,2167
2020,East,6752,9284,2532
2020,East,6936,9705,2769
2020,East,6524,8743,2219
2020,East,7613,9970,2357
2020,East,5908,8780,2872
2020,East,7124,7579,455
2020,East,5131,5777,646
2020,East,8218,10839,2621
2020,East,12536,14785,2249
2020,East,8155,10984,2829
2020,East,6678,8597,1919
2020,East,8531,11294,2763
2020,East,6997,8028,1031
2020,East,7097,9099,2002
2020,East,6851,7992,1141
2020,East,6541,7704,1163
2020,East,6673,8232,1559
2020,East,6902,8328,1426
2020,East,6068,7805,1737
2020,East,4971,5777,806
2020,East,6954,9524,2570
2020,East,9272,11163,1891
2020,East,6626,8660,2034
2020,East,5883,6682,799
2020,East,7022,7873,851
2020,East,5860,6740,880
2020,East,6710,8698,1988
2020,East,6099,6887,788
2020,East,6099,6861,762
2020,East,6075,6950,875
2020,East,6097,6931,834
2020,East,5560,6588,1028
2020,East,5199,6116,917
2020,East,4327,4951,624
2020,East,5727,8338,2611
2020,East,7984,9249,1265
2020,East,6672,8143,1471
2020,East,5068,6014,946
2020,East,6619,6914,295
2020,East,6300,6808,508
2020,East,5449,6057,608
2020,East,5100,6086,986
2020,East,4988,6187,1199
2020,East,6147,5776,-371
2020,East,5673,5925,252
2020,East,5567,6000,433
2020,East,4840,5667,827
2020,East,4761,5397,636
2020,East,4177,4335,158
2020,East,6235,7703,1468
2020,East,6598,7726,1128
2020,East,5862,6712,850
2020,East,4286,5142,856
2020,East,5793,6426,633
2020,East,5168,5298,130
2020,East,4889,6308,1419
2018,East,5549,6397,848
2018,East,5107,6278,1171
2018,East,5010,6487,1477
2018,East,5653,6067,414
2018,East,5500,5926,426
2018,East,5703,6586,883
2018,East,4785,5988,1203
2018,East,5274,5650,376
2018,East,4339,4641,302
2018,East,6287,7996,1709
2018,East,6707,9860,3153
2018,East,6166,8062,1896
2018,East,4446,5478,1032
2018,East,6114,7254,1140
2018,East,5096,5389,293
2018,East,5176,7190,2014
2018,East,7338,9479,2141
2018,East,7288,9001,1713
2018,East,7355,9638,2283
2018,East,7341,9762,2421
2018,East,6100,8487,2387
2018,East,5326,5910,584
2018,East,8663,11144,2481
2018,East,9090,14294,5204
2018,East,7583,10894,3311
2018,East,5417,7738,2321
2018,East,8559,10786,2227
2018,East,6825,7646,821
2018,East,7345,9224,1879
2018,East,6871,7851,980
2018,East,6330,7574,1244
2018,East,6906,8026,1120
2018,East,7025,8155,1130
2018,East,5674,7907,2233
2018,East,4782,5238,456
2018,East,9528,11300,1772
2018,East,7000,8423,1423
2018,East,5402,6261,859
2018,East,7191,7828,637
2018,East,6469,7999,1530
2018,East,5991,6737,746
2018,East,6342,6684,342
2018,East,5929,7035,1106
2018,East,5929,6785,856
2018,East,5565,6439,874
2018,East,4600,4944,344
2018,East,7801,9303,1502
2018,East,5967,7545,1578
2018,East,6155,6638,483
2018,East,5270,6362,1092
2018,East,5277,5901,624
2018,East,4931,5933,1002
2018,East,4886,6097,1211
2018,East,5158,5717,559
2018,East,5417,5826,409
2018,East,4642,5418,776
2018,East,5124,5369,245
2018,East,4192,4316,124
2018,East,5991,7380,1389
2018,East,6349,7381,1032
2018,East,5795,6667,872
2018,East,4319,5250,931
2018,East,5801,6425,624
2018,East,4695,4762,67
2018,East,4635,5802,1167
2016,East,5520,6347,827
2016,East,5126,6210,1084
2016,East,4990,6390,1400
2016,East,5958,5946,-12
2016,East,5668,6588,920
2016,East,4789,6038,1249
2016,East,5037,5647,610
2016,East,4240,4463,223
2016,East,6140,8073,1933
2016,East,6689,9718,3029
2016,East,5988,7707,1719
2016,East,6125,7307,1182
2016,East,4960,7424,2464
2016,East,7547,9517,1970
2016,East,8127,9628,1501
2016,East,7580,9829,2249
2016,East,6545,8845,2300
2016,East,7688,10176,2488
2016,East,7969,10625,2656
2016,East,6665,7722,1057
2016,East,6655,7482,827
2016,East,6511,7791,1280
2016,East,6683,8054,1371
2016,East,9123,10811,1688
2016,East,6771,7831,1060
2016,East,5720,6672,952
2016,East,5562,6570,1008
2016,East,5337,6626,1289
2016,East,6445,6424,-21
2016,East,5740,6798,1058
2016,East,7936,9153,1217
2016,East,5756,6559,803
2016,East,5202,5848,646
2016,East,4893,5875,982
2016,East,4816,5994,1178
2016,East,5416,5653,237
2016,East,5337,5791,454
2016,East,4651,5475,824
2016,East,4915,5506,591
2016,East,4091,4147,56
2016,East,5730,7333,1603
2016,East,6257,6808,551
2016,East,5708,6247,539
2016,East,5888,6548,660
2014,East,5385,6343,958
2014,East,4890,6175,1285
2014,East,4797,6297,1500
2014,East,5424,6015,591
2014,East,5471,5947,476
2014,East,5571,6633,1062
2014,East,4727,5984,1257
2014,East,4941,5420,479
2014,East,4246,4564,318
2014,East,5889,7789,1900
2014,East,6367,9579,3212
2014,East,6069,7689,1620
2014,East,4457,5383,926
2014,East,5958,7230,1272
2014,East,4595,5200,605
2014,East,4702,7851,3149
2014,East,7222,9221,1999
2014,East,6872,8771,1899
2014,East,7294,9466,2172
2014,East,11770,14411,2641
2014,East,8163,10874,2711
2014,East,6756,7683,927
2014,East,6449,7356,907
2014,East,6252,7768,1516
2014,East,7506,6787,-719
2014,East,6857,7979,1122
2014,East,4853,5055,202
2014,East,8353,10397,2044
2014,East,6876,7976,1100
2014,East,7086,7849,763
2014,East,5713,6442,729
2014,East,5414,6408,994
2014,East,5200,6516,1316
2014,East,5810,6278,468
2014,East,5758,6500,742
2014,East,7538,9194,1656
2014,East,5829,6190,361
2014,East,5065,5776,711
2014,East,4666,5778,1112
2014,East,4632,5889,1257
2014,East,5221,5761,540
2014,East,4620,5494,874
2014,East,4754,5191,437
2014,East,4038,4040,2
2014,East,5889,7094,1205
2014,East,5957,6929,972
2014,East,5620,6174,554
2014,East,4225,5198,973
2014,East,5662,6192,530
2014,East,4386,4758,372
2012,East,5151,6307,1156
2012,East,4888,6165,1277
2012,East,4803,6271,1468
2012,East,5335,5992,657
2012,East,5236,6569,1333
2012,East,4439,5841,1402
2012,East,5062,5417,355
2012,East,4022,4381,359
2012,East,5783,7736,1953
2012,East,6230,9650,3420
2012,East,5714,7833,2119
2012,East,4832,5716,884
2012,East,5658,7175,1517
2012,East,6781,9394,2613
2012,East,6720,9612,2892
2012,East,4665,5778,1113
2012,East,7825,10460,2635
2012,East,6201,7604,1403
2012,East,6263,7353,1090
2012,East,6290,7756,1466
2012,East,6158,7854,1696
2012,East,4837,6989,2152
2012,East,4970,5007,37
2012,East,6310,8460,2150
2012,East,8920,10960,2040
2012,East,6392,8309,1917
2012,East,6478,7587,1109
2012,East,5469,6544,1075
2012,East,5639,6485,846
2012,East,5703,6591,888
2012,East,5455,6707,1252
2012,East,4643,5995,1352
2012,East,4333,4732,399
2012,East,5959,7365,1406
2012,East,7754,9139,1385
2012,East,5571,6390,819
2012,East,4895,5750,855
2012,East,4688,5770,1082
2012,East,4619,5839,1220
2012,East,4854,5571,717
2012,East,5240,5628,388
2012,East,4974,5709,735
2012,East,4342,5341,999
2012,East,4952,5262,310
2012,East,3865,4012,147
2012,East,5537,6947,1410
2012,East,5802,6810,1008
2012,East,5418,6558,1140
2012,East,5400,6297,897
2020,Ticino,5176,5738,562
2020,Ticino,3737,5511,1774
2020,Ticino,3574,4831,1257
2020,Ticino,5472,5863,391
2020,Ticino,5462,5917,455
2020,Ticino,4745,5216,471
2020,Ticino,4285,4872,587
2020,Ticino,3825,4028,203
2020,Ticino,5162,6426,1264
2020,Ticino,6615,10350,3735
2020,Ticino,5158,6661,1503
2020,Ticino,3965,5222,1257
2020,Ticino,5881,6646,765
2020,Ticino,4839,5380,541
2020,Ticino,4159,5375,1216
2020,Ticino,6932,9081,2149
2020,Ticino,5896,7446,1550
2020,Ticino,6640,9191,2551
2020,Ticino,7247,9948,2701
2020,Ticino,5858,8228,2370
2020,Ticino,11506,14152,2646
2020,Ticino,7849,10287,2438
2020,Ticino,5555,7221,1666
2020,Ticino,7937,11096,3159
2020,Ticino,5372,7765,2393
2020,Ticino,6381,7496,1115
2020,Ticino,5907,7498,1591
2020,Ticino,5899,7099,1200
2020,Ticino,6471,7496,1025
2020,Ticino,6478,6741,263
2020,Ticino,8615,10000,1385
2020,Ticino,6190,7101,911
2020,Ticino,6216,6873,657
2020,Ticino,5675,6090,415
2020,Ticino,5132,5968,836
2020,Ticino,4761,5327,566
2020,Ticino,5725,6211,486
2020,Ticino,5279,5738,459
2020,Ticino,6657,8046,1389
2020,Ticino,5423,6410,987
2020,Ticino,4595,5892,1297
2020,Ticino,6357,7141,784
2020,Ticino,4114,5789,1675
2020,Ticino,4919,5273,354
2020,Ticino,3521,5128,1607
2020,Ticino,3444,4449,1005
2020,Ticino,4603,5672,1069
2020,Ticino,5252,5368,116
2020,Ticino,4561,4769,208
2020,Ticino,4049,4634,585
2020,Ticino,3766,3921,155
2020,Ticino,4863,5739,876
2020,Ticino,5775,6576,801
2020,Ticino,4689,5524,835
2020,Ticino,3791,5070,1279
2020,Ticino,5764,6139,375
2020,Ticino,4573,5164,591
2020,Ticino,3862,4806,944
2018,Ticino,4836,5617,781
2018,Ticino,3693,5535,1842
2018,Ticino,3541,4977,1436
2018,Ticino,5830,5956,126
2018,Ticino,5120,5696,576
2018,Ticino,4625,5262,637
2018,Ticino,4333,5122,789
2018,Ticino,3816,4182,366
2018,Ticino,4883,6807,1924
2018,Ticino,6124,9136,3012
2018,Ticino,5159,6526,1367
2018,Ticino,4236,4889,653
2018,Ticino,5687,6695,1008
2018,Ticino,4570,4996,426
2018,Ticino,4548,5091,543
2018,Ticino,6717,8905,2188
2018,Ticino,7362,8016,654
2018,Ticino,6693,8645,1952
2018,Ticino,6525,9595,3070
2018,Ticino,6626,8941,2315
2018,Ticino,4439,5473,1034
2018,Ticino,11966,14367,2401
2018,Ticino,6717,9750,3033
2018,Ticino,6424,7231,807
2018,Ticino,6058,11139,5081
2018,Ticino,6163,7486,1323
2018,Ticino,5883,6389,506
2018,Ticino,5349,5691,342
2018,Ticino,5635,6431,796
2018,Ticino,6025,7061,1036
2018,Ticino,5684,6109,425
2018,Ticino,7917,9088,1171
2018,Ticino,5811,6965,1154
2018,Ticino,6224,6970,746
2018,Ticino,5443,6016,573
2018,Ticino,4658,6045,1387
2018,Ticino,4503,5500,997
2018,Ticino,5642,6000,358
2018,Ticino,5059,5231,172
2018,Ticino,6667,8028,1361
2018,Ticino,5516,6351,835
2018,Ticino,5061,5137,76
2018,Ticino,6778,7938,1160
2018,Ticino,5387,5419,32
2018,Ticino,4473,5094,621
2018,Ticino,3476,5146,1670
2018,Ticino,3398,4566,1168
2018,Ticino,4507,5672,1165
2018,Ticino,4848,5033,185
2018,Ticino,4346,4762,416
2018,Ticino,3812,4550,738
2018,Ticino,3766,3942,176
2018,Ticino,4594,6018,1424
2018,Ticino,5600,6351,751
2018,Ticino,4658,5415,757
2018,Ticino,3695,4633,938
2018,Ticino,5608,6018,410
2018,Ticino,4333,4483,150
2018,Ticino,4091,4507,416
2016,Ticino,5119,5810,691
2016,Ticino,3791,5550,1759
2016,Ticino,3612,5009,1397
2016,Ticino,5400,6072,672
2016,Ticino,4588,5337,749
2016,Ticino,4500,5175,675
2016,Ticino,3931,4230,299
2016,Ticino,4739,5813,1074
2016,Ticino,6530,9468,2938
2016,Ticino,5523,6891,1368
2016,Ticino,5879,6889,1010
2016,Ticino,5515,5750,235
2016,Ticino,7012,9212,2200
2016,Ticino,6932,8519,1587
2016,Ticino,7040,8487,1447
2016,Ticino,7059,9630,2571
2016,Ticino,12040,16353,4313
2016,Ticino,6710,6810,100
2016,Ticino,6022,6031,9
2016,Ticino,5543,6447,904
2016,Ticino,6783,7256,473
2016,Ticino,8649,9986,1337
2016,Ticino,5493,6090,597
2016,Ticino,4820,6013,1193
2016,Ticino,4611,5349,738
2016,Ticino,5693,6138,445
2016,Ticino,4741,5390,649
2016,Ticino,7062,7919,857
2016,Ticino,6761,7768,1007
2016,Ticino,5922,6015,93
2016,Ticino,4737,5253,516
2016,Ticino,3592,5218,1626
2016,Ticino,3466,4613,1147
2016,Ticino,5049,5283,234
2016,Ticino,4324,4632,308
2016,Ticino,3761,3940,179
2016,Ticino,6030,6548,518
2016,Ticino,5657,6186,529
2016,Ticino,4941,5328,387
2016,Ticino,3600,4960,1360
2014,Ticino,5101,5705,604
2014,Ticino,3746,5477,1731
2014,Ticino,3584,5041,1457
2014,Ticino,5385,5956,571
2014,Ticino,4405,5238,833
2014,Ticino,3834,3895,61
2014,Ticino,4841,5862,1021
2014,Ticino,6470,9273,2803
2014,Ticino,4994,6345,1351
2014,Ticino,3518,4716,1198
2014,Ticino,5873,6872,999
2014,Ticino,4906,5503,597
2014,Ticino,4130,4762,632
2014,Ticino,7166,9102,1936
2014,Ticino,7222,7933,711
2014,Ticino,6707,7842,1135
2014,Ticino,7066,10007,2941
2014,Ticino,5912,6977,1065
2014,Ticino,5981,7250,1269
2014,Ticino,8228,9683,1455
2014,Ticino,6261,7731,1470
2014,Ticino,5302,5850,548
2014,Ticino,4952,5893,941
2014,Ticino,4692,5550,858
2014,Ticino,5389,5792,403
2014,Ticino,6860,7540,680
2014,Ticino,5045,6645,1600
2014,Ticino,4814,5304,490
2014,Ticino,3519,5196,1677
2014,Ticino,3454,4531,1077
2014,Ticino,5174,5427,253
2014,Ticino,4150,4783,633
2014,Ticino,3759,3817,58
2014,Ticino,4287,5040,753
2014,Ticino,5952,6464,512
2014,Ticino,4410,5258,848
2014,Ticino,3442,4537,1095
2014,Ticino,5726,6211,485
2014,Ticino,3628,4331,703
2012,Ticino,4753,5693,940
2012,Ticino,3371,5459,2088
2012,Ticino,3264,4938,1674
2012,Ticino,4643,5735,1092
2012,Ticino,5159,6045,886
2012,Ticino,4379,5077,698
2012,Ticino,4567,5341,774
2012,Ticino,3714,4144,430
2012,Ticino,5208,7016,1808
2012,Ticino,6190,9150,2960
2012,Ticino,3746,4822,1076
2012,Ticino,5705,6783,1078
2012,Ticino,5208,5870,662
2012,Ticino,6422,9020,2598
2012,Ticino,6422,9524,3102
2012,Ticino,10317,13743,3426
2012,Ticino,5867,6740,873
2012,Ticino,5500,6254,754
2012,Ticino,6010,7064,1054
2012,Ticino,5359,5789,430
2012,Ticino,4979,5747,768
2012,Ticino,5508,6000,492
2012,Ticino,4602,5040,438
2012,Ticino,6493,7258,765
2012,Ticino,4487,5292,805
2012,Ticino,3227,5206,1979
2012,Ticino,3131,4483,1352
2012,Ticino,4495,5574,1079
2012,Ticino,4932,5397,465
2012,Ticino,4128,4594,466
2012,Ticino,4290,5110,820
2012,Ticino,3616,3921,305
2012,Ticino,5697,6167,470
2012,Ticino,5564,6164,600
2012,Ticino,3305,4700,1395
2020,Central ,6117,6880,763
2020,Central ,5712,6553,841
2020,Central ,5563,6691,1128
2020,Central ,6637,6602,-35
2020,Central ,6249,6359,110
2020,Central ,6189,7281,1092
2020,Central ,5545,7014,1469
2020,Central ,4934,5436,502
2020,Central ,4429,4642,213
2020,Central ,7143,9348,2205
2020,Central ,7090,10248,3158
2020,Central ,6899,8594,1695
2020,Central ,5136,6114,978
2020,Central ,5985,7015,1030
2020,Central ,5389,5897,508
2020,Central ,5630,7427,1797
2020,Central ,8569,10450,1881
2020,Central ,8105,9798,1693
2020,Central ,8564,10000,1436
2020,Central ,7000,9206,2206
2020,Central ,8681,10931,2250
2020,Central ,7849,10179,2330
2020,Central ,5158,6169,1011
2020,Central ,9885,12157,2272
2020,Central ,11815,15070,3255
2020,Central ,10125,11982,1857
2020,Central ,7135,9282,2147
2020,Central ,9383,11310,1927
2020,Central ,6740,8050,1310
2020,Central ,6800,9302,2502
2020,Central ,7502,8448,946
2020,Central ,7887,7940,53
2020,Central ,7577,8355,778
2020,Central ,7472,8864,1392
2020,Central ,7170,8566,1396
2020,Central ,5159,5369,210
2020,Central ,8664,10165,1501
2020,Central ,9836,11110,1274
2020,Central ,8053,9231,1178
2020,Central ,6069,6938,869
2020,Central ,6957,7764,807
2020,Central ,6806,6667,-139
2020,Central ,7273,7352,79
2020,Central ,6430,7250,820
2020,Central ,6582,7191,609
2020,Central ,6601,7579,978
2020,Central ,6402,7426,1024
2020,Central ,6261,7033,772
2020,Central ,4762,5143,381
2020,Central ,7693,9679,1986
2020,Central ,7136,8176,1040
2020,Central ,5467,6320,853
2020,Central ,6413,7232,819
2020,Central ,5499,5906,407
2020,Central ,5674,7238,1564
2020,Central ,5800,6230,430
2020,Central ,5370,6109,739
2020,Central ,5246,6190,944
2020,Central ,6390,6204,-186
2020,Central ,5912,5983,71
2020,Central ,5887,6404,517
2020,Central ,5146,6244,1098
2020,Central ,4776,5349,573
2020,Central ,4325,4328,3
2020,Central ,6817,8494,1677
2020,Central ,6752,8505,1753
2020,Central ,6257,6979,722
2020,Central ,4977,5850,873
2020,Central ,5749,6348,599
2020,Central ,4961,5238,277
2020,Central ,5351,6577,1226
2018,Central ,5905,6781,876
2018,Central ,5497,6471,974
2018,Central ,5384,6594,1210
2018,Central ,6234,6308,74
2018,Central ,6018,6254,236
2018,Central ,5984,7173,1189
2018,Central ,5523,6852,1329
2018,Central ,5059,5489,430
2018,Central ,4385,4643,258
2018,Central ,6736,9048,2312
2018,Central ,6884,10249,3365
2018,Central ,6580,8628,2048
2018,Central ,5021,5826,805
2018,Central ,5855,7079,1224
2018,Central ,5186,6000,814
2018,Central ,5455,7274,1819
2018,Central ,8190,10123,1933
2018,Central ,7758,9080,1322
2018,Central ,8878,9844,966
2018,Central ,8233,10833,2600
2018,Central ,8233,10105,1872
2018,Central ,5326,6288,962
2018,Central ,8600,11893,3293
2018,Central ,11230,14611,3381
2018,Central ,9193,11824,2631
2018,Central ,8033,9412,1379
2018,Central ,8008,11210,3202
2018,Central ,6940,7936,996
2018,Central ,7442,9652,2210
2018,Central ,7112,8290,1178
2018,Central ,6854,7855,1001
2018,Central ,7080,8046,966
2018,Central ,7203,8690,1487
2018,Central ,7633,8824,1191
2018,Central ,4952,5180,228
2018,Central ,9166,11020,1854
2018,Central ,8050,8976,926
2018,Central ,6857,6168,-689
2018,Central ,6745,7671,926
2018,Central ,5840,6772,932
2018,Central ,6341,7689,1348
2018,Central ,6203,7059,856
2018,Central ,6265,6933,668
2018,Central ,6001,6766,765
2018,Central ,6197,7346,1149
2018,Central ,5951,6745,794
2018,Central ,4775,5018,243
2018,Central ,8044,9198,1154
2018,Central ,7766,8417,651
2018,Central ,5800,6154,354
2018,Central ,6043,6987,944
2018,Central ,5652,6112,460
2018,Central ,5332,6040,708
2018,Central ,5239,6190,951
2018,Central ,5841,5657,-184
2018,Central ,5762,5830,68
2018,Central ,5733,6200,467
2018,Central ,5159,5949,790
2018,Central ,4959,5304,345
2018,Central ,4281,4332,51
2018,Central ,6609,8008,1399
2018,Central ,6546,8577,2031
2018,Central ,6056,6735,679
2018,Central ,4678,5647,969
2018,Central ,5670,6471,801
2018,Central ,4824,5294,470
2018,Central ,5167,6432,1265
2016,Central ,5890,6791,901
2016,Central ,5416,6440,1024
2016,Central ,5299,6658,1359
2016,Central ,5880,6196,316
2016,Central ,6000,7235,1235
2016,Central ,5240,6617,1377
2016,Central ,5602,5924,322
2016,Central ,4237,4664,427
2016,Central ,6698,9000,2302
2016,Central ,6648,10033,3385
2016,Central ,6708,8750,2042
2016,Central ,5182,5872,690
2016,Central ,5962,7160,1198
2016,Central ,5158,6333,1175
2016,Central ,5382,7337,1955
2016,Central ,8496,10210,1714
2016,Central ,7912,9345,1433
2016,Central ,7998,9476,1478
2016,Central ,8592,11037,2445
2016,Central ,5561,6583,1022
2016,Central ,8904,11681,2777
2016,Central ,10793,14538,3745
2016,Central ,9939,11864,1925
2016,Central ,8611,10315,1704
2016,Central ,7880,9302,1422
2016,Central ,7096,8175,1079
2016,Central ,6758,7612,854
2016,Central ,7123,8002,879
2016,Central ,7117,8565,1448
2016,Central ,7174,8068,894
2016,Central ,8914,10834,1920
2016,Central ,6916,7775,859
2016,Central ,5987,6782,795
2016,Central ,5553,6660,1107
2016,Central ,5299,6768,1469
2016,Central ,6067,7004,937
2016,Central ,5926,6782,856
2016,Central ,7765,8768,1003
2016,Central ,6067,6623,556
2016,Central ,5602,6142,540
2016,Central ,5221,6016,795
2016,Central ,5164,6190,1026
2016,Central ,5724,5811,87
2016,Central ,5709,6312,603
2016,Central ,4861,5928,1067
2016,Central ,5304,5730,426
2016,Central ,4133,4228,95
2016,Central ,6390,7877,1487
2016,Central ,6345,8313,1968
2016,Central ,6037,6706,669
2016,Central ,4930,5706,776
2016,Central ,5733,6574,841
2016,Central ,4814,5727,913
2016,Central ,5037,6210,1173
2014,Central ,5812,6663,851
2014,Central ,5514,6425,911
2014,Central ,5366,6652,1286
2014,Central ,5840,6136,296
2014,Central ,5878,6953,1075
2014,Central ,5230,6500,1270
2014,Central ,5206,5465,259
2014,Central ,4310,4591,281
2014,Central ,6350,8396,2046
2014,Central ,6544,9524,2980
2014,Central ,6619,8254,1635
2014,Central ,5102,5821,719
2014,Central ,5884,7222,1338
2014,Central ,5316,5956,640
2014,Central ,5134,7334,2200
2014,Central ,8106,10000,1894
2014,Central ,8085,9331,1246
2014,Central ,8121,10421,2300
2014,Central ,9815,11522,1707
2014,Central ,8048,10060,2012
2014,Central ,7082,7950,868
2014,Central ,7158,7658,500
2014,Central ,7013,7960,947
2014,Central ,7054,8390,1336
2014,Central ,7262,9516,2254
2014,Central ,9069,10736,1667
2014,Central ,7341,9071,1730
2014,Central ,7051,6705,-346
2014,Central ,6850,7605,755
2014,Central ,5961,6708,747
2014,Central ,5902,7043,1141
2014,Central ,5951,6664,713
2014,Central ,7745,9044,1299
2014,Central ,6749,7341,592
2014,Central ,6221,6861,640
2014,Central ,5498,6034,536
2014,Central ,5133,5952,819
2014,Central ,5059,6056,997
2014,Central ,5517,5792,275
2014,Central ,5598,6127,529
2014,Central ,4932,5948,1016
2014,Central ,5031,5309,278
2014,Central ,4181,4273,92
2014,Central ,6019,7298,1279
2014,Central ,6217,8002,1785
2014,Central ,6064,6527,463
2014,Central ,4849,5655,806
2014,Central ,5621,6577,956
2014,Central ,4913,5154,241
2014,Central ,4816,6467,1651
2012,Central ,5608,6722,1114
2012,Central ,5438,6462,1024
2012,Central ,5464,6762,1298
2012,Central ,5308,6014,706
2012,Central ,5646,7119,1473
2012,Central ,4800,6375,1575
2012,Central ,4100,4508,408
2012,Central ,6660,8700,2040
2012,Central ,6511,9796,3285
2012,Central ,6491,8342,1851
2012,Central ,5698,7139,1441
2012,Central ,4848,5990,1142
2012,Central ,7796,10000,2204
2012,Central ,7800,9224,1424
2012,Central ,8700,9999,1299
2012,Central ,7795,10630,2835
2012,Central ,6152,9600,3448
2012,Central ,5056,6350,1294
2012,Central ,10190,13498,3308
2012,Central ,7940,10357,2417
2012,Central ,6638,8044,1406
2012,Central ,7291,7990,699
2012,Central ,7687,8568,881
2012,Central ,6545,8089,1544
2012,Central ,5984,7563,1579
2012,Central ,6980,8334,1354
2012,Central ,6216,5710,-506
2012,Central ,6461,7575,1114
2012,Central ,5690,6733,1043
2012,Central ,6100,6803,703
2012,Central ,6104,7044,940
2012,Central ,5545,6617,1072
2012,Central ,4430,4707,277
2012,Central ,7762,9240,1478
2012,Central ,5763,7198,1435
2012,Central ,5357,6028,671
2012,Central ,5074,5930,856
2012,Central ,5085,6129,1044
2012,Central ,5035,5674,639
2012,Central ,5405,6190,785
2012,Central ,4634,5683,1049
2012,Central ,4010,4086,76
2012,Central ,6229,7854,1625
2012,Central ,6263,8237,1974
2012,Central ,5743,6500,757
2012,Central ,5497,6426,929
2012,Central ,4734,5330,596
2012,Central ,4375,6307,1932
2020,Zurich,6435,7659,1224
2020,Zurich,6157,7040,883
2020,Zurich,5912,7351,1439
2020,Zurich,6654,6883,229
2020,Zurich,6605,6731,126
2020,Zurich,6469,7978,1509
2020,Zurich,5032,6435,1403
2020,Zurich,5950,6838,888
2020,Zurich,4469,4713,244
2020,Zurich,8126,10301,2175
2020,Zurich,8717,11575,2858
2020,Zurich,7403,9246,1843
2020,Zurich,4549,5841,1292
2020,Zurich,6510,7420,910
2020,Zurich,6461,7095,634
2020,Zurich,6193,7588,1395
2020,Zurich,10000,12321,2321
2020,Zurich,8103,10632,2529
2020,Zurich,8462,10952,2490
2020,Zurich,7363,9787,2424
2020,Zurich,10086,12608,2522
2020,Zurich,8864,11001,2137
2020,Zurich,9907,11314,1407
2020,Zurich,6164,7000,836
2020,Zurich,9328,12297,2969
2020,Zurich,13090,15877,2787
2020,Zurich,10981,13711,2730
2020,Zurich,9224,9394,170
2020,Zurich,9337,12035,2698
2020,Zurich,8093,9654,1561
2020,Zurich,8034,10315,2281
2020,Zurich,8698,10036,1338
2020,Zurich,7785,8762,977
2020,Zurich,7833,8762,929
2020,Zurich,7040,8402,1362
2020,Zurich,8744,10338,1594
2020,Zurich,7301,9091,1790
2020,Zurich,8700,9220,520
2020,Zurich,5737,5826,89
2020,Zurich,10855,12157,1302
2020,Zurich,10176,11111,935
2020,Zurich,9568,10815,1247
2020,Zurich,6547,8009,1462
2020,Zurich,7891,8973,1082
2020,Zurich,7403,8456,1053
2020,Zurich,7907,8758,851
2020,Zurich,7365,8421,1056
2020,Zurich,7251,7937,686
2020,Zurich,6904,7937,1033
2020,Zurich,8536,7909,-627
2020,Zurich,7368,8638,1270
2020,Zurich,6365,7576,1211
2020,Zurich,6401,6918,517
2020,Zurich,4980,5278,298
2020,Zurich,9610,11212,1602
2020,Zurich,9524,10712,1188
2020,Zurich,8057,8712,655
2020,Zurich,6631,6782,151
2020,Zurich,7005,8032,1027
2020,Zurich,7894,8397,503
2020,Zurich,6403,7796,1393
2020,Zurich,5706,6499,793
2020,Zurich,5792,6508,716
2020,Zurich,5583,6715,1132
2020,Zurich,6471,6292,-179
2020,Zurich,6371,6353,-18
2020,Zurich,5698,6496,798
2020,Zurich,4873,5737,864
2020,Zurich,5592,6388,796
2020,Zurich,4332,4429,97
2020,Zurich,7529,9271,1742
2020,Zurich,7057,7904,847
2020,Zurich,6722,7292,570
2020,Zurich,4370,5480,1110
2020,Zurich,6257,6602,345
2020,Zurich,6104,6429,325
2020,Zurich,5546,6495,949
2018,Zurich,6293,7500,1207
2018,Zurich,6064,6902,838
2018,Zurich,5759,7239,1480
2018,Zurich,6604,6597,-7
2018,Zurich,6585,6604,19
2018,Zurich,6321,7799,1478
2018,Zurich,4890,6475,1585
2018,Zurich,5873,6607,734
2018,Zurich,4414,4644,230
2018,Zurich,7960,9890,1930
2018,Zurich,8176,11627,3451
2018,Zurich,7479,9533,2054
2018,Zurich,4610,5588,978
2018,Zurich,6511,7364,853
2018,Zurich,6404,7298,894
2018,Zurich,6044,7262,1218
2018,Zurich,9587,12138,2551
2018,Zurich,8037,10791,2754
2018,Zurich,9112,11250,2138
2018,Zurich,7549,10314,2765
2018,Zurich,9612,12381,2769
2018,Zurich,7043,10401,3358
2018,Zurich,9958,10917,959
2018,Zurich,6026,6366,340
2018,Zurich,9486,12474,2988
2018,Zurich,13571,17579,4008
2018,Zurich,12039,13753,1714
2018,Zurich,8565,10296,1731
2018,Zurich,9620,11496,1876
2018,Zurich,9272,10777,1505
2018,Zurich,7971,9473,1502
2018,Zurich,8521,10041,1520
2018,Zurich,8330,9010,680
2018,Zurich,8333,9296,963
2018,Zurich,8306,8243,-63
2018,Zurich,8537,10254,1717
2018,Zurich,6750,9161,2411
2018,Zurich,9178,9462,284
2018,Zurich,5226,5608,382
2018,Zurich,10348,11473,1125
2018,Zurich,10188,11703,1515
2018,Zurich,9512,10652,1140
2018,Zurich,6942,7881,939
2018,Zurich,7951,8671,720
2018,Zurich,7051,9033,1982
2018,Zurich,7697,8936,1239
2018,Zurich,7062,8145,1083
2018,Zurich,6651,7694,1043
2018,Zurich,6653,7479,826
2018,Zurich,6480,7897,1417
2018,Zurich,7086,8292,1206
2018,Zurich,5857,7471,1614
2018,Zurich,7356,7549,193
2018,Zurich,5009,5322,313
2018,Zurich,8334,9899,1565
2018,Zurich,8708,10194,1486
2018,Zurich,8095,8650,555
2018,Zurich,6079,6330,251
2018,Zurich,6818,7164,346
2018,Zurich,7336,8011,675
2018,Zurich,6529,7043,514
2018,Zurich,5602,6402,800
2018,Zurich,5704,6434,730
2018,Zurich,5517,6682,1165
2018,Zurich,6290,6148,-142
2018,Zurich,6392,6253,-139
2018,Zurich,5589,6382,793
2018,Zurich,4747,5778,1031
2018,Zurich,5574,6283,709
2018,Zurich,4311,4423,112
2018,Zurich,7286,8937,1651
2018,Zurich,6973,8141,1168
2018,Zurich,6761,7434,673
2018,Zurich,4375,5303,928
2018,Zurich,6205,6572,367
2018,Zurich,5873,6775,902
2018,Zurich,5267,6265,998
2016,Zurich,6191,7406,1215
2016,Zurich,5772,6730,958
2016,Zurich,5410,6923,1513
2016,Zurich,6418,6516,98
2016,Zurich,6565,6544,-21
2016,Zurich,6245,7754,1509
2016,Zurich,4860,6371,1511
2016,Zurich,6004,6726,722
2016,Zurich,4416,4583,167
2016,Zurich,7740,9646,1906
2016,Zurich,8003,11348,3345
2016,Zurich,7208,8953,1745
2016,Zurich,4586,5751,1165
2016,Zurich,6524,7427,903
2016,Zurich,6000,7165,1165
2016,Zurich,9863,12131,2268
2016,Zurich,8229,10268,2039
2016,Zurich,9944,12438,2494
2016,Zurich,6162,6651,489
2016,Zurich,14528,17614,3086
2016,Zurich,11731,13738,2007
2016,Zurich,7750,10439,2689
2016,Zurich,9227,10712,1485
2016,Zurich,8316,9959,1643
2016,Zurich,7076,8446,1370
2016,Zurich,6767,8372,1605
2016,Zurich,8358,10225,1867
2016,Zurich,6427,8873,2446
2016,Zurich,8712,9445,733
2016,Zurich,5151,5670,519
2016,Zurich,10130,11451,1321
2016,Zurich,9000,10419,1419
2016,Zurich,6963,7584,621
2016,Zurich,7628,8626,998
2016,Zurich,6703,8060,1357
2016,Zurich,6615,7516,901
2016,Zurich,6268,7346,1078
2016,Zurich,6706,8257,1551
2016,Zurich,5844,7443,1599
2016,Zurich,4848,5150,302
2016,Zurich,8934,10184,1250
2016,Zurich,7894,8682,788
2016,Zurich,6563,7090,527
2016,Zurich,5621,6392,771
2016,Zurich,5463,6330,867
2016,Zurich,5225,6489,1264
2016,Zurich,6418,6210,-208
2016,Zurich,6325,6168,-157
2016,Zurich,5637,6426,789
2016,Zurich,4726,5802,1076
2016,Zurich,5799,6317,518
2016,Zurich,4262,4351,89
2016,Zurich,7378,8575,1197
2016,Zurich,6865,7935,1070
2016,Zurich,6612,7182,570
2016,Zurich,4332,5361,1029
2016,Zurich,6214,6705,491
2016,Zurich,5877,6696,819
2016,Zurich,5302,6161,859
2014,Zurich,6124,7325,1201
2014,Zurich,5721,6679,958
2014,Zurich,5394,6886,1492
2014,Zurich,6568,6461,-107
2014,Zurich,6464,6473,9
2014,Zurich,6175,7668,1493
2014,Zurich,4796,6348,1552
2014,Zurich,4331,4642,311
2014,Zurich,7568,9440,1872
2014,Zurich,7876,11315,3439
2014,Zurich,7192,8518,1326
2014,Zurich,5301,5810,509
2014,Zurich,6496,7464,968
2014,Zurich,6242,7245,1003
2014,Zurich,5403,7228,1825
2014,Zurich,9607,12468,2861
2014,Zurich,8147,10179,2032
2014,Zurich,8153,10521,2368
2014,Zurich,9678,12857,3179
2014,Zurich,7739,10191,2452
2014,Zurich,6163,6963,800
2014,Zurich,9685,12317,2632
2014,Zurich,14397,16965,2568
2014,Zurich,8699,10196,1497
2014,Zurich,9059,11006,1947
2014,Zurich,8319,9845,1526
2014,Zurich,8078,8502,424
2014,Zurich,8254,8516,262
2014,Zurich,8328,10067,1739
2014,Zurich,8477,9447,970
2014,Zurich,9841,11029,1188
2014,Zurich,9764,10952,1188
2014,Zurich,8951,10544,1593
2014,Zurich,6905,7446,541
2014,Zurich,7744,8544,800
2014,Zurich,6853,7730,877
2014,Zurich,6756,7870,1114
2014,Zurich,6877,7512,635
2014,Zurich,6862,7764,902
2014,Zurich,6756,7976,1220
2014,Zurich,6074,7387,1313
2014,Zurich,4782,5262,480
2014,Zurich,7739,8956,1217
2014,Zurich,7650,8669,1019
2014,Zurich,6395,6356,-39
2014,Zurich,6511,7555,1044
2014,Zurich,5472,6301,829
2014,Zurich,5390,6309,919
2014,Zurich,5173,6437,1264
2014,Zurich,6439,6092,-347
2014,Zurich,6310,6181,-129
2014,Zurich,5482,6299,817
2014,Zurich,4676,5769,1093
2014,Zurich,4226,4334,108
2014,Zurich,7168,8494,1326
2014,Zurich,6710,7585,875
2014,Zurich,6481,6760,279
2014,Zurich,5033,5459,426
2014,Zurich,6217,6693,476
2014,Zurich,6043,6787,744
2014,Zurich,4780,5806,1026
2012,Zurich,6192,7500,1308
2012,Zurich,5595,6659,1064
2012,Zurich,5419,6934,1515
2012,Zurich,6492,6625,133
2012,Zurich,6016,6358,342
2012,Zurich,6245,7901,1656
2012,Zurich,4727,6397,1670
2012,Zurich,5502,6420,918
2012,Zurich,4305,4633,328
2012,Zurich,7262,9465,2203
2012,Zurich,7814,11218,3404
2012,Zurich,6918,8976,2058
2012,Zurich,6450,7387,937
2012,Zurich,5431,6500,1069
2012,Zurich,9071,11826,2755
2012,Zurich,8359,10534,2175
2012,Zurich,8095,10912,2817
2012,Zurich,9091,12045,2954
2012,Zurich,7568,10776,3208
2012,Zurich,6109,6667,558
2012,Zurich,9480,12778,3298
2012,Zurich,14392,17067,2675
2012,Zurich,8724,10652,1928
2012,Zurich,7936,9524,1588
2012,Zurich,7141,8335,1194
2012,Zurich,7405,8385,980
2012,Zurich,7979,9760,1781
2012,Zurich,6190,8908,2718
2012,Zurich,8921,9602,681
2012,Zurich,5331,5847,516
2012,Zurich,10050,10985,935
2012,Zurich,8763,10306,1543
2012,Zurich,6736,7584,848
2012,Zurich,7700,8258,558
2012,Zurich,6567,7470,903
2012,Zurich,6941,7255,314
2012,Zurich,6492,7334,842
2012,Zurich,6542,7576,1034
2012,Zurich,5707,7002,1295
2012,Zurich,4881,5074,193
2012,Zurich,8341,9542,1201
2012,Zurich,8175,9004,829
2012,Zurich,8010,8360,350
2012,Zurich,6129,7030,901
2012,Zurich,5550,6422,872
2012,Zurich,5366,6225,859
2012,Zurich,5225,6445,1220
2012,Zurich,6217,6190,-27
2012,Zurich,5682,6030,348
2012,Zurich,5573,6509,936
2012,Zurich,4602,5727,1125
2012,Zurich,5229,6085,856
2012,Zurich,4147,4243,96
2012,Zurich,7040,8667,1627
2012,Zurich,6676,7746,1070
2012,Zurich,6341,7122,781
2012,Zurich,6196,6599,403
2012,Zurich,4747,5502,755
